//Red Channel
0x43, 0x01, 0x00, 0x00, 0x00,
0, 0, 0, 0, 0, 0, 0, 0, 0, 9, 92, 9, 9, 10, 10, 43, 10, 11, 12, 13, 
198, 13, 14, 15, 15, 246, 16, 17, 17, 18, 27, 19, 20, 21, 22, 107, 22, 23, 24, 25, 
176, 26, 27, 27, 28, 5, 29, 30, 31, 32, 188, 33, 33, 34, 35, 90, 36, 37, 38, 39, 
1, 40, 41, 42, 43, 255, 43, 44, 45, 46, 255, 47, 48, 49, 50, 64, 52, 53, 54, 55, 
69, 56, 57, 58, 59, 86, 60, 61, 62, 63, 5, 64, 65, 66, 67, 0, 68, 69, 70, 71, 
252, 72, 72, 73, 74, 191, 75, 76, 77, 78, 15, 79, 80, 82, 83, 165, 84, 85, 86, 87, 
154, 88, 89, 90, 91, 86, 92, 93, 94, 95, 85, 96, 97, 98, 99, 85, 100, 101, 102, 103, 
85, 104, 105, 106, 107, 85, 108, 109, 110, 111, 169, 112, 113, 114, 115, 170, 116, 117, 118, 119, 
90, 120, 121, 122, 123, 5, 124, 125, 126, 127, 0, 128, 129, 130, 131, 64, 132, 133, 134, 135, 
85, 136, 137, 138, 139, 165, 140, 141, 142, 143, 85, 144, 145, 146, 147, 0, 148, 149, 150, 151, 
80, 152, 153, 154, 155, 170, 156, 157, 158, 159, 170, 160, 161, 162, 163, 150, 164, 165, 166, 167, 
119, 168, 170, 171, 173, 15, 174, 175, 177, 178, 80, 179, 180, 181, 182, 5, 183, 184, 185, 186, 
240, 187, 188, 188, 189, 62, 190, 191, 192, 194, 165, 195, 196, 197, 198, 15, 199, 200, 202, 203, 
149, 204, 205, 206, 207, 234, 208, 209, 210, 211, 255, 212, 213, 214, 215, 0, 217, 218, 219, 220, 
0, 221, 222, 223, 224, 252, 225, 225, 226, 227, 171, 228, 229, 230, 231, 15, 232, 233, 235, 236, 
57, 237, 238, 239, 241, 146, 242, 244, 245, 246, 147, 247, 249, 250, 251, 26, 252, 253, 254, 255, 


//Green Channel
0x43, 0x01, 0x10, 0x00, 0x00,
0, 0, 0, 0, 0, 64, 0, 0, 0, 5, 85, 5, 6, 7, 7, 37, 8, 9, 10, 11, 
195, 11, 13, 14, 14, 111, 15, 16, 17, 18, 25, 19, 20, 21, 22, 195, 22, 24, 25, 25, 
190, 26, 27, 28, 29, 169, 30, 31, 32, 33, 166, 34, 35, 36, 37, 165, 38, 39, 40, 41, 
165, 42, 43, 44, 45, 165, 46, 47, 48, 49, 170, 50, 51, 52, 53, 166, 54, 55, 56, 57, 
186, 58, 59, 60, 61, 250, 62, 63, 64, 65, 254, 66, 67, 68, 69, 254, 70, 71, 72, 73, 
3, 74, 76, 77, 78, 3, 78, 80, 81, 82, 103, 82, 84, 85, 86, 169, 87, 88, 89, 90, 
190, 91, 92, 93, 94, 255, 95, 96, 97, 98, 0, 100, 101, 102, 103, 85, 104, 105, 106, 107, 
170, 108, 109, 110, 111, 63, 112, 113, 114, 116, 64, 117, 118, 119, 120, 229, 121, 122, 123, 124, 
63, 125, 126, 127, 129, 76, 130, 130, 132, 133, 80, 134, 135, 136, 137, 249, 138, 139, 140, 141, 
14, 142, 143, 145, 146, 87, 146, 148, 149, 150, 249, 151, 152, 153, 154, 64, 156, 157, 158, 159, 
149, 160, 161, 162, 163, 63, 164, 165, 166, 168, 64, 169, 170, 171, 172, 165, 173, 174, 175, 176, 
170, 177, 178, 179, 180, 254, 181, 182, 183, 184, 255, 185, 186, 187, 188, 63, 189, 190, 191, 193, 
80, 194, 195, 196, 197, 169, 198, 199, 200, 201, 170, 202, 203, 204, 205, 170, 206, 207, 208, 209, 
170, 210, 211, 212, 213, 90, 214, 215, 216, 217, 5, 218, 219, 220, 221, 240, 222, 223, 223, 224, 
192, 226, 227, 228, 228, 191, 229, 230, 231, 232, 170, 233, 234, 235, 236, 255, 237, 238, 239, 240, 
64, 242, 243, 244, 245, 20, 246, 247, 248, 249, 108, 250, 250, 251, 252, 28, 253, 253, 254, 255, 


//Blue Channel
0x43, 0x01, 0x20, 0x00, 0x00,
0, 0, 0, 0, 0, 128, 0, 0, 0, 9, 6, 9, 10, 11, 11, 46, 11, 11, 12, 13, 
26, 13, 14, 15, 16, 162, 16, 17, 17, 18, 182, 19, 20, 20, 21, 129, 22, 23, 24, 24, 
180, 25, 26, 26, 27, 1, 28, 29, 30, 31, 91, 31, 32, 33, 34, 177, 35, 36, 36, 37, 
218, 38, 39, 40, 40, 188, 42, 42, 43, 44, 89, 45, 46, 47, 48, 192, 49, 50, 51, 51, 
170, 52, 53, 54, 55, 166, 56, 57, 58, 59, 81, 60, 61, 62, 63, 204, 64, 64, 66, 66, 
171, 67, 68, 69, 70, 70, 71, 72, 73, 74, 53, 75, 76, 76, 78, 240, 79, 80, 80, 81, 
240, 83, 84, 84, 85, 239, 86, 87, 88, 89, 239, 90, 91, 92, 93, 107, 94, 95, 96, 97, 
193, 98, 99, 100, 100, 106, 101, 102, 103, 104, 20, 105, 106, 107, 108, 207, 108, 109, 111, 111, 
170, 112, 113, 114, 115, 102, 116, 117, 118, 119, 205, 120, 120, 122, 122, 91, 123, 124, 125, 126, 
241, 127, 128, 128, 129, 111, 130, 131, 132, 133, 90, 134, 135, 136, 137, 90, 138, 139, 140, 141, 
85, 142, 143, 144, 145, 170, 146, 147, 148, 149, 255, 150, 151, 152, 153, 112, 155, 156, 156, 158, 
69, 159, 160, 161, 162, 5, 163, 164, 165, 166, 53, 167, 168, 168, 170, 149, 171, 172, 173, 174, 
154, 175, 176, 177, 178, 122, 179, 180, 181, 183, 229, 184, 185, 186, 187, 67, 188, 190, 191, 192, 
164, 193, 194, 195, 196, 3, 197, 199, 200, 201, 169, 202, 203, 204, 205, 67, 206, 208, 209, 210, 
78, 211, 212, 214, 215, 9, 216, 217, 219, 220, 248, 221, 222, 223, 224, 228, 226, 227, 228, 229, 
36, 231, 232, 233, 235, 145, 236, 238, 239, 240, 121, 242, 243, 244, 246, 3, 247, 249, 251, 255, 
