//Red Channel
0x43, 0x01, 0x00, 0x00, 0x00,
0, 0, 0, 0, 0, 212, 0, 9, 9, 9, 173, 10, 10, 11, 12, 188, 13, 13, 14, 15, 
22, 16, 17, 18, 19, 240, 20, 21, 21, 22, 106, 23, 24, 25, 26, 5, 27, 28, 29, 30, 
207, 30, 31, 33, 33, 255, 34, 35, 36, 37, 255, 38, 39, 40, 41, 174, 42, 43, 44, 45, 
254, 46, 47, 48, 49, 84, 51, 52, 53, 54, 170, 55, 56, 57, 58, 255, 59, 60, 61, 62, 
255, 63, 64, 65, 66, 175, 67, 68, 69, 70, 170, 71, 72, 73, 74, 170, 75, 76, 77, 78, 
254, 79, 80, 81, 82, 84, 84, 85, 86, 87, 85, 88, 89, 90, 91, 85, 92, 93, 94, 95, 
1, 96, 97, 98, 99, 0, 100, 101, 102, 103, 0, 104, 105, 106, 107, 0, 108, 109, 110, 111, 
0, 112, 113, 114, 115, 68, 116, 117, 118, 119, 240, 120, 121, 121, 122, 107, 123, 124, 125, 126, 
85, 127, 128, 129, 130, 85, 131, 132, 133, 134, 85, 135, 136, 137, 138, 85, 139, 140, 141, 142, 
193, 143, 144, 145, 145, 175, 146, 147, 148, 149, 170, 150, 151, 152, 153, 234, 154, 155, 156, 157, 
171, 158, 159, 160, 161, 85, 162, 163, 164, 165, 224, 166, 167, 168, 169, 121, 171, 172, 173, 175, 
85, 176, 177, 178, 179, 85, 180, 181, 182, 183, 240, 184, 185, 185, 186, 90, 187, 188, 189, 190, 
84, 191, 192, 193, 194, 234, 195, 196, 197, 198, 255, 199, 200, 201, 202, 3, 203, 205, 206, 207, 
0, 208, 209, 210, 211, 252, 212, 212, 213, 214, 255, 215, 216, 217, 218, 171, 219, 220, 221, 222, 
22, 223, 224, 225, 226, 175, 226, 227, 228, 229, 85, 230, 231, 232, 233, 169, 234, 235, 236, 237, 
159, 238, 239, 241, 242, 147, 243, 245, 246, 247, 254, 248, 249, 250, 251, 27, 252, 253, 254, 255, 


//Green Channel
0x43, 0x01, 0x10, 0x00, 0x00,
0, 0, 0, 0, 0, 84, 0, 5, 5, 6, 69, 7, 8, 9, 10, 100, 11, 12, 13, 14, 
255, 15, 16, 17, 18, 195, 19, 21, 22, 22, 0, 24, 25, 26, 27, 5, 28, 29, 30, 31, 
101, 32, 33, 34, 35, 234, 36, 37, 38, 39, 48, 41, 42, 42, 44, 69, 45, 46, 47, 48, 
149, 49, 50, 51, 52, 250, 53, 54, 55, 56, 15, 57, 58, 60, 61, 76, 62, 62, 64, 65, 
80, 66, 67, 68, 69, 165, 70, 71, 72, 73, 250, 74, 75, 76, 77, 254, 78, 79, 80, 81, 
19, 82, 84, 85, 86, 84, 87, 88, 89, 90, 169, 91, 92, 93, 94, 190, 95, 96, 97, 98, 
255, 99, 100, 101, 102, 0, 104, 105, 106, 107, 21, 108, 109, 110, 111, 154, 112, 113, 114, 115, 
239, 116, 117, 118, 119, 112, 121, 122, 122, 124, 69, 125, 126, 127, 128, 149, 129, 130, 131, 132, 
166, 133, 134, 135, 136, 234, 137, 138, 139, 140, 251, 141, 142, 143, 144, 15, 145, 146, 148, 149, 
80, 150, 151, 152, 153, 169, 154, 155, 156, 157, 250, 158, 159, 160, 161, 255, 162, 163, 164, 165, 
0, 167, 168, 169, 170, 0, 171, 172, 173, 174, 20, 175, 176, 177, 178, 0, 179, 180, 181, 182, 
192, 183, 184, 185, 185, 191, 186, 187, 188, 189, 254, 190, 191, 192, 193, 255, 194, 195, 196, 197, 
255, 198, 199, 200, 201, 255, 202, 203, 204, 205, 170, 206, 207, 208, 209, 21, 210, 211, 212, 213, 
188, 214, 214, 215, 216, 86, 217, 218, 219, 220, 188, 221, 221, 222, 223, 106, 224, 225, 226, 227, 
193, 228, 229, 230, 230, 171, 231, 232, 233, 234, 85, 235, 236, 237, 238, 85, 239, 240, 241, 242, 
21, 243, 244, 245, 246, 241, 247, 248, 248, 249, 182, 250, 251, 251, 252, 45, 253, 253, 254, 255, 


//Blue Channel
0x43, 0x01, 0x20, 0x00, 0x00,
0, 0, 0, 0, 0, 188, 0, 9, 9, 10, 200, 11, 11, 12, 12, 132, 13, 14, 15, 15, 
2, 16, 17, 18, 19, 91, 19, 20, 21, 22, 176, 23, 24, 24, 25, 198, 26, 27, 28, 28, 
188, 30, 30, 31, 32, 105, 33, 34, 35, 36, 0, 37, 38, 39, 40, 175, 40, 41, 42, 43, 
86, 44, 45, 46, 47, 81, 48, 49, 50, 51, 12, 52, 52, 54, 55, 12, 56, 56, 58, 59, 
252, 60, 60, 61, 62, 171, 63, 64, 65, 66, 154, 67, 68, 69, 70, 5, 71, 72, 73, 74, 
240, 75, 76, 76, 77, 239, 78, 79, 80, 81, 175, 82, 83, 84, 85, 175, 86, 87, 88, 89, 
171, 90, 91, 92, 93, 26, 94, 95, 96, 97, 188, 98, 98, 99, 100, 21, 101, 102, 103, 104, 
255, 104, 105, 106, 107, 166, 108, 109, 110, 111, 1, 112, 113, 114, 115, 252, 116, 116, 117, 118, 
6, 119, 120, 121, 122, 108, 123, 123, 124, 125, 198, 126, 127, 128, 128, 111, 129, 130, 131, 132, 
20, 133, 134, 135, 136, 0, 137, 138, 139, 140, 255, 140, 141, 142, 143, 250, 144, 145, 146, 147, 
250, 148, 149, 150, 151, 254, 152, 153, 154, 155, 2, 156, 158, 159, 160, 250, 160, 161, 162, 163, 
166, 164, 165, 166, 167, 81, 168, 169, 170, 171, 81, 172, 173, 174, 175, 17, 176, 177, 178, 179, 
144, 180, 181, 182, 183, 250, 184, 185, 186, 187, 15, 188, 189, 191, 192, 3, 192, 194, 195, 196, 
84, 197, 198, 199, 200, 169, 201, 202, 203, 204, 254, 205, 206, 207, 208, 80, 210, 211, 212, 213, 
42, 214, 215, 216, 218, 64, 219, 220, 221, 222, 230, 223, 224, 225, 226, 92, 228, 228, 230, 231, 
78, 232, 233, 235, 236, 147, 237, 239, 240, 241, 208, 243, 244, 245, 246, 5, 248, 249, 251, 255, 
