EDID BYTES:
0x   00 01 02 03 04 05 06 07 08 09 0A 0B 0C 0D 0E 0F
    ------------------------------------------------
00 | 00 FF FF FF FF FF FF 00 58 E1 80 12 00 00 00 00
10 | 00 14 01 03 00 16 0E 78 E2 CB 55 94 57 53 8E 27
20 | 23 50 54 21 08 00 01 01 01 01 01 01 01 01 01 01
30 | 01 01 01 01 01 01 BC 1B 00 A0 50 20 17 30 08 0A
40 | 36 00 04 A0 10 00 00 1A 00 00 00 FD 00 32 3E 1E
50 | 32 08 00 0A 20 20 20 20 20 20 00 00 00 FE 00 41
60 | 44 53 20 20 20 20 20 20 20 20 20 0A 00 00 00 FE
70 | 00 42 31 30 31 45 57 30 35 20 56 33 20 0A 00 19
