EDID BYTES:
0x   00 01 02 03 04 05 06 07 08 09 0A 0B 0C 0D 0E 0F
    ------------------------------------------------
00 | 00 FF FF FF FF FF FF 00 12 C9 80 12 00 00 00 00
10 | 23 19 01 03 80 16 0E 78 E2 65 05 94 56 53 8F 27
20 | 20 50 54 21 08 00 01 01 01 01 01 01 01 01 01 01
30 | 01 01 01 01 01 01 08 07 00 8C 50 78 84 00 39 1D
40 | BF 00 D9 87 00 00 00 1C 00 00 00 FD 00 28 50 0C
50 | 14 03 00 0A 20 20 20 20 20 20 00 00 00 FE 00 44
60 | 56 49 20 20 20 20 20 20 20 20 20 0A 00 00 00 FE
70 | 00 54 52 55 4C 59 20 31 32 38 30 20 44 0A 00 25
