EDID BYTES:
0x   00 01 02 03 04 05 06 07 08 09 0A 0B 0C 0D 0E 0F
    ------------------------------------------------
00 | 00 FF FF FF FF FF FF 00 58 E1 11 12 00 00 00 00
10 | 21 11 01 03 0E 18 12 78 E8 9A E5 A6 58 49 99 23
20 | 11 50 54 AF 00 00 01 01 01 01 01 01 01 01 01 01
30 | 01 01 01 01 01 01 08 07 00 8C 50 78 84 00 39 1D
40 | BF 00 F5 B9 00 00 00 18 00 00 00 FD 00 28 50 0C
50 | 14 03 00 0A 20 20 20 20 20 20 00 00 00 FF 00 30
60 | 00 00 00 00 00 00 00 00 00 00 00 00 00 00 00 FC
70 | 00 54 52 55 4C 59 20 31 32 38 30 20 20 0A 00 C2
