EDID BYTES:
0x   00 01 02 03 04 05 06 07 08 09 0A 0B 0C 0D 0E 0F
    ------------------------------------------------
00 | 00 FF FF FF FF FF FF 00 07 03 24 10 00 00 00 00
10 | 32 19 01 03 80 15 0F 78 EA 21 D5 9E 5B 56 91 25
20 | 16 50 54 21 08 00 01 01 01 01 01 01 01 01 01 01
30 | 01 01 01 01 01 01 64 19 00 40 41 00 26 30 18 88
40 | 36 00 D2 9D 00 00 00 18 00 00 00 FD 00 3C 3C 1F
50 | 32 08 00 0A 20 20 20 20 20 20 00 00 00 FF 00 30
60 | 0A 0A 0A 0A 0A 0A 0A 0A 0A 0A 0A 0A 00 00 00 FC
70 | 00 50 36 31 30 35 20 20 20 20 20 20 20 0A 00 93
