EDID BYTES:
0x   00 01 02 03 04 05 06 07 08 09 0A 0B 0C 0D 0E 0F
    ------------------------------------------------
00 | 00 FF FF FF FF FF FF 00 30 E4 45 03 00 00 00 00
10 | 00 15 01 03 90 16 0E 78 02 E8 87 96 5A 55 95 28
20 | 22 51 55 00 00 00 01 01 01 01 01 01 01 01 01 01
30 | 01 01 01 01 01 01 4C 1D 00 EC 50 20 18 30 40 30
40 | 57 00 D9 88 00 00 00 1B 16 12 00 80 50 20 16 30
50 | 30 20 47 00 D9 88 00 00 00 1B 00 00 00 FE 00 43
60 | 33 47 52 4E 80 31 30 31 57 58 31 0A 00 00 00 00
70 | 00 00 41 32 A8 00 00 00 00 01 01 0A 20 20 00 9A
