EDID BYTES:
0x   00 01 02 03 04 05 06 07 08 09 0A 0B 0C 0D 0E 0F
    ------------------------------------------------
00 | 00 FF FF FF FF FF FF 00 58 E1 80 12 08 00 00 00
10 | 11 19 01 03 6A 22 1B 78 EA 2C 9D A6 58 4A 9A 26
20 | 21 52 56 BF EF 00 81 80 01 01 01 01 71 4F 01 01
30 | 01 01 01 01 01 01 C5 1B 00 A0 50 20 17 30 30 70
40 | 16 00 54 0E 11 00 00 1E D6 09 80 90 20 E0 1D 10
50 | 08 60 22 00 54 0E 11 08 08 1A 00 00 00 FD 00 32
60 | 4B 1E 64 11 00 0A 20 20 20 20 20 20 00 00 00 FC
70 | 00 56 47 41 20 31 32 38 30 58 38 30 30 20 00 7A
