EDID BYTES:
0x   00 01 02 03 04 05 06 07 08 09 0A 0B 0C 0D 0E 0F
    ------------------------------------------------
00 | 00 FF FF FF FF FF FF 00 4C A3 13 A1 01 01 01 01
10 | 18 10 01 03 1E 00 00 78 0E DE 50 A3 54 4C 99 26
20 | 0F 50 54 FF FF 80 61 59 A9 40 81 59 81 99 71 4F
30 | 45 59 31 59 31 CA 4C 1D 00 30 41 00 26 30 18 88
40 | 36 00 00 00 00 00 00 18 00 00 00 FE 00 0A 20 20
50 | 20 20 20 20 20 20 20 20 20 20 00 00 00 FD 00 32
60 | 55 0F 5C 10 00 0A 20 20 20 20 20 20 00 00 00 FC
70 | 00 45 50 53 4F 4E 20 50 4A 20 20 20 20 0A 00 80
