EDID BYTES:
0x   00 01 02 03 04 05 06 07 08 09 0A 0B 0C 0D 0E 0F
    ------------------------------------------------
00 | 00 FF FF FF FF FF FF 00 0F 30 22 91 00 00 00 00
10 | 32 10 01 03 80 3C 22 78 2A 03 20 A7 55 45 96 24
20 | 11 49 4B 1F DF 00 45 59 A9 40 81 80 31 59 01 01
30 | 01 01 01 01 01 01 01 1D 80 18 71 1C 16 20 58 2C
40 | 25 00 5B 56 21 00 00 9E 8C 0A D0 8A 20 E0 2D 10
50 | 10 3E 96 00 5B 56 21 00 00 18 00 00 00 FC 00 43
60 | 41 54 2D 36 30 36 36 0A 20 20 20 20 00 00 00 FD
70 | 00 38 4B 1F 32 08 00 0A 20 20 20 20 20 20 01 E5
