EDID BYTES:
0x   00 01 02 03 04 05 06 07 08 09 0A 0B 0C 0D 0E 0F
    ------------------------------------------------
00 | 00 FF FF FF FF FF FF 00 3A D4 5A 66 01 00 00 00
10 | 08 17 01 03 81 3C 22 78 EA 36 D5 A2 56 53 99 27
20 | 0D 50 54 A3 08 00 81 80 D1 C0 01 01 01 01 01 01
30 | 01 01 01 01 01 01 02 3A 80 18 71 38 2D 40 58 2C
40 | 45 00 56 52 21 00 00 1E 66 21 50 B0 51 00 1B 30
50 | 40 70 36 00 56 52 21 00 00 1E 00 00 00 FD 00 32
60 | 41 1E 64 16 00 0A 20 20 20 20 20 20 00 00 00 FC
70 | 00 54 55 53 20 4C 32 37 58 58 58 0A 0A 0A 00 74
