//Red Channel
0x43, 0x01, 0x00, 0x00, 0x00,
0, 0, 0, 0, 0, 232, 0, 6, 6, 7, 134, 8, 9, 10, 11, 21, 12, 13, 14, 15, 
86, 16, 17, 18, 19, 5, 20, 21, 22, 23, 252, 24, 24, 25, 26, 175, 27, 28, 29, 30, 
21, 31, 32, 33, 34, 252, 35, 35, 36, 37, 90, 38, 39, 40, 41, 192, 42, 43, 44, 44, 
107, 45, 46, 47, 48, 1, 49, 50, 51, 52, 175, 52, 53, 54, 55, 5, 56, 57, 58, 59, 
188, 60, 60, 61, 62, 22, 63, 64, 65, 66, 240, 67, 68, 68, 69, 106, 70, 71, 72, 73, 
1, 74, 75, 76, 77, 175, 77, 78, 79, 80, 86, 81, 82, 83, 84, 0, 85, 86, 87, 88, 
191, 88, 89, 90, 91, 170, 92, 93, 94, 95, 85, 96, 97, 98, 99, 1, 100, 101, 102, 103, 
0, 104, 105, 106, 107, 0, 108, 109, 110, 111, 0, 112, 113, 114, 115, 148, 116, 117, 118, 119, 
170, 120, 121, 122, 123, 63, 124, 125, 126, 128, 255, 128, 129, 130, 131, 255, 132, 133, 134, 135, 
235, 136, 137, 138, 139, 251, 140, 141, 142, 143, 255, 144, 145, 146, 147, 15, 148, 149, 151, 152, 
80, 153, 154, 155, 156, 165, 157, 158, 159, 160, 254, 161, 162, 163, 164, 64, 166, 167, 168, 169, 
169, 170, 171, 172, 173, 63, 174, 175, 176, 178, 64, 179, 180, 181, 182, 149, 183, 184, 185, 186, 
170, 187, 188, 189, 190, 234, 191, 192, 193, 194, 255, 195, 196, 197, 198, 171, 199, 200, 201, 202, 
170, 203, 204, 205, 206, 86, 207, 208, 209, 210, 5, 211, 212, 213, 214, 240, 215, 216, 216, 217, 
191, 218, 219, 220, 221, 170, 222, 223, 224, 225, 170, 226, 227, 228, 229, 170, 230, 231, 232, 233, 
63, 234, 235, 237, 239, 61, 240, 241, 243, 245, 229, 246, 248, 249, 250, 63, 251, 252, 253, 255, 


//Green Channel
0x43, 0x01, 0x10, 0x00, 0x00,
0, 0, 0, 0, 0, 124, 0, 4, 4, 6, 217, 7, 8, 9, 10, 254, 11, 12, 13, 14, 
1, 16, 17, 18, 19, 5, 20, 21, 22, 23, 192, 24, 25, 26, 26, 188, 28, 28, 29, 30, 
106, 31, 32, 33, 34, 4, 35, 36, 37, 38, 191, 38, 39, 40, 41, 86, 42, 43, 44, 45, 
252, 46, 46, 47, 48, 91, 49, 50, 51, 52, 49, 53, 54, 54, 56, 111, 56, 57, 58, 59, 
197, 60, 61, 62, 62, 188, 64, 64, 65, 66, 89, 67, 68, 69, 70, 243, 70, 72, 72, 73, 
106, 74, 75, 76, 77, 1, 78, 79, 80, 81, 252, 82, 82, 83, 84, 154, 85, 86, 87, 88, 
5, 89, 90, 91, 92, 48, 93, 94, 94, 96, 48, 97, 98, 98, 100, 252, 101, 101, 102, 103, 
239, 104, 105, 106, 107, 239, 108, 109, 110, 111, 255, 112, 113, 114, 115, 51, 116, 118, 118, 120, 
64, 121, 122, 123, 124, 149, 125, 126, 127, 128, 86, 129, 130, 131, 132, 69, 133, 134, 135, 136, 
69, 137, 138, 139, 140, 69, 141, 142, 143, 144, 69, 145, 146, 147, 148, 149, 149, 150, 151, 152, 
250, 153, 154, 155, 156, 3, 157, 159, 160, 161, 84, 162, 163, 164, 165, 250, 166, 167, 168, 169, 
3, 170, 172, 173, 174, 85, 175, 176, 177, 178, 170, 179, 180, 181, 182, 255, 183, 184, 185, 186, 
15, 187, 188, 190, 191, 0, 192, 193, 194, 195, 0, 196, 197, 198, 199, 240, 200, 201, 201, 202, 
255, 203, 204, 205, 206, 170, 207, 208, 209, 210, 85, 211, 212, 213, 214, 192, 215, 216, 217, 217, 
191, 218, 219, 220, 221, 170, 222, 223, 224, 225, 85, 226, 227, 228, 229, 149, 230, 231, 232, 233, 
202, 234, 235, 237, 238, 148, 240, 241, 243, 244, 159, 245, 247, 249, 250, 58, 251, 252, 253, 255, 


//Blue Channel
0x43, 0x01, 0x20, 0x00, 0x00,
0, 0, 0, 0, 0, 252, 0, 8, 8, 9, 177, 10, 11, 11, 12, 240, 13, 14, 14, 15, 
82, 16, 17, 18, 19, 172, 20, 20, 21, 22, 6, 23, 24, 25, 26, 111, 26, 27, 28, 29, 
129, 30, 31, 32, 32, 22, 33, 34, 35, 36, 175, 36, 37, 38, 39, 241, 40, 41, 41, 42, 
6, 43, 44, 45, 46, 47, 46, 47, 48, 49, 177, 50, 51, 51, 52, 5, 53, 54, 55, 56, 
90, 56, 57, 58, 59, 172, 60, 60, 61, 62, 241, 63, 64, 64, 65, 218, 66, 67, 68, 68, 
108, 70, 70, 71, 72, 192, 73, 74, 75, 75, 22, 76, 77, 78, 79, 172, 80, 80, 81, 82, 
6, 83, 84, 85, 86, 111, 86, 87, 88, 89, 197, 90, 91, 92, 92, 107, 93, 94, 95, 96, 
0, 97, 98, 99, 100, 171, 100, 101, 102, 103, 17, 104, 105, 106, 107, 252, 108, 108, 109, 110, 
171, 111, 112, 113, 114, 86, 115, 116, 117, 118, 69, 119, 120, 121, 122, 69, 123, 124, 125, 126, 
53, 127, 128, 128, 130, 175, 130, 131, 132, 133, 26, 134, 135, 136, 137, 193, 138, 139, 140, 140, 
240, 142, 143, 143, 144, 191, 145, 146, 147, 148, 190, 149, 150, 151, 152, 190, 153, 154, 155, 156, 
255, 157, 158, 159, 160, 207, 161, 162, 164, 164, 0, 166, 167, 168, 169, 21, 170, 171, 172, 173, 
106, 174, 175, 176, 177, 170, 178, 179, 180, 181, 255, 182, 183, 184, 185, 48, 187, 188, 188, 190, 
64, 191, 192, 193, 194, 69, 195, 196, 197, 198, 69, 199, 200, 201, 202, 69, 203, 204, 205, 206, 
69, 207, 208, 209, 210, 69, 211, 212, 213, 214, 150, 215, 216, 217, 218, 250, 219, 220, 221, 222, 
156, 224, 224, 226, 227, 158, 228, 229, 231, 232, 167, 233, 235, 237, 239, 22, 241, 244, 247, 255, 
