EDID BYTES:
0x   00 01 02 03 04 05 06 07 08 09 0A 0B 0C 0D 0E 0F
    ------------------------------------------------
00 | 00 FF FF FF FF FF FF 00 21 A9 00 08 00 00 00 00
10 | 02 1A 01 03 80 0F 09 78 EA 9A D4 A6 58 49 99 23
20 | 11 50 54 A5 00 00 01 01 01 01 01 01 01 01 01 01
30 | 01 01 01 01 01 01 64 19 00 40 41 00 26 30 18 88
40 | 36 00 9A 5B 00 00 00 18 FE 0C 20 00 31 E0 2D 10
50 | 28 30 D3 00 9A 5B 00 00 00 18 00 00 00 FD 00 3C
60 | 46 1E 3E 08 00 0A 20 20 20 20 20 20 00 00 00 FC
70 | 00 38 30 30 78 34 38 30 20 20 20 20 20 0A 01 58
