EDID BYTES:
0x   00 01 02 03 04 05 06 07 08 09 0A 0B 0C 0D 0E 0F
    ------------------------------------------------
00 | 00 ff ff ff ff ff ff 00 04 93 08 08 00 00 00 00
10 | 21 11 01 03 80 11 0d 78 2a 9a e5 a6 58 49 99 23
20 | 11 50 54 bc 00 00 01 01 01 01 01 01 01 01 01 01
30 | 01 01 01 01 01 01 d6 09 80 90 20 e0 1d 10 28 60
40 | 92 04 aa 82 00 00 00 18 00 00 00 fd 00 38 4c 1e
50 | 30 05 00 0a 20 20 20 20 20 20 00 00 00 ff 00 30
60 | 0a 20 20 20 20 20 20 20 20 20 20 20 00 00 00 fc
70 | 00 41 58 43 20 30 36 35 20 20 20 20 20 20 00 de
