EDID BYTES:
0x   00 01 02 03 04 05 06 07 08 09 0A 0B 0C 0D 0E 0F
    ------------------------------------------------
00 | 00 FF FF FF FF FF FF 00 21 A9 24 10 00 00 00 00
10 | 14 18 01 03 80 1F 17 78 EA 9A E5 A6 58 49 99 23
20 | 11 50 54 BD CE 00 01 01 01 01 01 01 01 01 01 01
30 | 01 01 01 01 01 01 64 19 00 40 41 00 26 30 18 88
40 | 36 00 30 E4 10 00 00 18 00 00 00 FD 00 38 4C 1F
50 | 3E 08 00 0A 20 20 20 20 20 20 00 00 00 FF 00 30
60 | 00 00 00 00 00 00 00 00 00 00 00 00 00 00 00 FC
70 | 00 31 30 32 34 78 37 36 38 20 20 20 20 0A 01 3E
