EDID BYTES:
0x   00 01 02 03 04 05 06 07 08 09 0A 0B 0C 0D 0E 0F
    ------------------------------------------------
00 | 00 FF FF FF FF FF FF 00 09 D1 25 78 45 54 00 00
10 | 24 12 01 03 80 35 1E 78 2E 60 81 A6 56 4A 9C 25
20 | 12 50 54 A5 6B 80 71 00 81 C0 81 40 81 80 A9 C0
30 | B3 00 D1 C0 01 01 02 3A 80 18 71 38 2D 40 58 2C
40 | 45 00 13 2B 21 00 00 1A 00 00 00 FF 00 30 30 30
50 | 30 30 30 30 30 53 4C 30 0A 20 00 00 00 FD 00 32
60 | 4C 18 53 11 00 0A 20 20 20 20 20 20 00 00 00 FC
70 | 00 42 65 6E 51 20 45 57 32 34 33 30 0A 20 01 7B
