EDID BYTES:
0x   00 01 02 03 04 05 06 07 08 09 0A 0B 0C 0D 0E 0F
    ------------------------------------------------
00 | 00 FF FF FF FF FF FF 00 20 8D 20 19 00 00 00 00
10 | 29 12 01 03 80 2F 1A 78 E8 C7 20 A4 55 49 99 27
20 | 13 50 54 AB 88 00 01 01 01 01 01 01 01 01 01 01
30 | 01 01 01 01 01 01 1A 36 80 A0 70 38 1F 40 30 20
40 | 36 00 D9 28 11 00 00 1A 00 00 00 FD 00 38 4C 2F
50 | 44 10 00 0A 20 20 20 20 20 20 66 21 56 AA 51 00
60 | 1E 30 46 8F 33 00 BA 88 21 00 00 1E 7C 2E 90 A0
70 | 60 1A 1E 40 30 20 36 00 D9 28 11 00 00 1A 00 CB
