EDID BYTES:
0x   00 01 02 03 04 05 06 07 08 09 0A 0B 0C 0D 0E 0F
    ------------------------------------------------
00 | 00 FF FF FF FF FF FF 00 07 09 11 12 00 00 00 00
10 | 21 11 01 03 0E 18 12 78 E8 9A E5 A6 58 49 99 23
20 | 11 50 54 BF CE 00 01 01 01 01 01 01 01 01 01 01
30 | 01 01 01 01 01 01 64 19 00 40 41 00 26 30 18 88
40 | 36 00 F5 B9 00 00 00 18 00 00 00 FD 00 38 4C 1F
50 | 3E 08 00 0A 20 20 20 20 20 20 00 00 00 FF 00 30
60 | 00 00 00 00 00 00 00 00 00 00 00 00 00 00 00 FC
70 | 00 41 58 49 20 31 32 20 20 20 20 20 20 0A 00 37
