EDID BYTES:
0x   00 01 02 03 04 05 06 07 08 09 0A 0B 0C 0D 0E 0F
    ------------------------------------------------
00 | 00 FF FF FF FF FF FF 00 04 93 A3 08 59 26 00 00
10 | 0B 15 01 03 80 30 1B 78 2E 12 F5 A7 55 4A 9B 25
20 | 15 50 54 BD 4B 00 D1 C0 81 80 B3 00 95 00 95 0F
30 | 01 01 01 01 01 01 02 3A 80 18 71 38 2D 40 58 2C
40 | 45 00 DD 0C 11 00 00 1E 00 00 00 FF 00 41 55 35
50 | 31 31 31 31 30 30 39 38 31 37 00 00 00 FD 00 38
60 | 4C 1E 53 11 00 0A 20 20 20 20 20 20 00 00 00 FC
70 | 00 32 32 31 50 33 4C 50 59 0A 20 20 20 20 00 6C
