EDID BYTES:
0x   00 01 02 03 04 05 06 07 08 09 0A 0B 0C 0D 0E 0F
    ------------------------------------------------
00 | 00 FF FF FF FF FF FF 00 04 6D 01 32 01 00 00 00
10 | 0C 16 01 03 81 46 27 78 EB A0 DF A3 53 4A 99 25
20 | 0F 45 48 BF CF 00 71 40 81 C0 81 40 81 80 95 00
30 | A9 40 B3 00 01 01 01 1D 80 18 71 1C 16 20 58 2C
40 | 25 00 BA 88 21 00 00 1E 66 21 50 B0 51 00 1B 30
50 | 40 70 36 00 BA 88 21 00 00 1E 00 00 00 FD 00 18
60 | 58 0F 5E 11 00 0A 20 20 20 20 20 20 00 00 00 FC
70 | 00 31 39 32 30 78 20 35 34 30 20 20 20 20 01 00
