00	FF	FF	FF	FF	FF	FF	00	04	6D	01	32	01	00	00	00	
0C	16	01	03	81	46	27	78	EB	A0	DF	A3	53	4A	99	25	
0F	45	48	BF	CF	00	71	40	81	C0	81	40	81	80	95	00	
A9	40	B3	00	01	01	02	3A	80	18	71	1C	49	22	58	2C	
45	00	BA	88	21	00	00	1E	66	21	50	B0	51	00	1B	30	
40	70	36	00	BA	88	21	00	00	1E	00	00	00	FD	00	18	
58	0F	5E	11	00	0A	20	20	20	20	20	20	00	00	00	FC	
00	31	39	32	30	78	31	30	38	30	20	20	20	20	01	7D	
02	03	1E	F2	4B	02	04	85	06	07	08	09	0A	0B	90	13	
23	09	07	07	83	01	00	00	65	03	0C	00	10	00	01	1D	
80	18	71	1C	16	20	58	2C	25	00	B8	88	21	00	00	9E	
01	1D	00	72	51	D0	1E	20	6E	28	55	00	B8	88	21	00	
00	1E	8C	0A	D0	8A	20	E0	2D	10	10	3E	96	00	0A	88	
21	00	00	18	01	1D	00	BC	52	D0	1E	20	B8	28	55	40	
B8	88	21	00	00	1E	00	00	00	00	00	00	00	00	00	00	
00	00	00	00	00	00	00	00	00	00	00	00	00	00	00	79	
