EDID BYTES:
0x   00 01 02 03 04 05 06 07 08 09 0A 0B 0C 0D 0E 0F
    ------------------------------------------------
00 | 00 FF FF FF FF FF FF 00 3A D4 5A 66 01 00 00 00
10 | 03 16 01 03 0E 5D 34 78 EA 63 95 A1 54 52 9E 26
20 | 0A 50 54 A3 08 00 81 80 D1 C0 B3 00 01 01 01 01
30 | 01 01 01 01 01 01 02 3A 80 18 71 38 2D 40 58 2C
40 | 45 00 A2 0B 32 00 00 1E 66 21 50 B0 51 00 1B 30
50 | 40 70 36 00 A2 0B 32 00 00 1E 00 00 00 FD 00 38
60 | 4C 1E 64 16 00 0A 20 20 20 20 20 20 00 00 00 FC
70 | 00 31 39 32 30 78 31 30 38 30 20 20 20 20 00 4C
