EDID BYTES:
0x   00 01 02 03 04 05 06 07 08 09 0A 0B 0C 0D 0E 0F
    ------------------------------------------------
00 | 00 FF FF FF FF FF FF 00 04 93 01 29 01 00 00 00
10 | 0C 16 01 03 81 45 13 78 EB A0 DF A3 53 4A 99 25
20 | 0F 45 48 A3 08 00 01 01 A9 40 81 40 81 80 01 01
30 | 01 01 01 01 01 01 01 1D 80 18 71 1C 16 20 58 2C
40 | 25 00 BA C4 20 00 00 1E 8C 0A D0 8A 20 E0 2D 10
50 | 10 3E 96 00 5B 56 21 00 00 18 00 00 00 FD 00 38
60 | 4B 1F 32 08 00 0A 20 20 20 20 20 20 00 00 00 FC
70 | 00 31 39 32 30 78 31 30 38 30 20 20 20 20 00 64
