EDID BYTES:
0x   00 01 02 03 04 05 06 07 08 09 0A 0B 0C 0D 0E 0F
    ------------------------------------------------
00 | 00 FF FF FF FF FF FF 00 52 B3 00 00 01 00 00 00
10 | 10 17 01 03 0E 26 1E 78 EA C3 55 A5 57 4B 99 24
20 | 11 50 54 BF EF 80 81 C0 01 01 01 01 01 01 01 01
30 | 01 01 01 01 01 01 30 2A 00 98 51 00 26 40 30 70
40 | 13 00 78 2D 11 00 00 1E 00 00 00 10 00 E0 1D 10
50 | 08 60 22 00 78 2D 11 00 00 02 00 00 00 FD 00 32
60 | 4B 1E 51 0E 00 0A 20 20 20 20 20 20 00 00 00 FC
70 | 00 4C 51 43 31 39 58 58 58 0A 0A 0A 0A 0A 00 03
