EDID BYTES:
0x   00 01 02 03 04 05 06 07 08 09 0A 0B 0C 0D 0E 0F
    ------------------------------------------------
00 | 00 FF FF FF FF FF FF 00 04 93 08 08 00 00 00 00
10 | 21 11 01 03 80 11 0D 78 2A 9A E5 A6 58 49 99 23
20 | 11 50 54 BC 00 00 01 01 01 01 01 01 01 01 01 01
30 | 01 01 01 01 01 01 D6 09 80 90 20 E0 1D 10 28 60
40 | 92 04 AA 82 00 00 00 18 00 00 00 FD 00 38 4C 1E
50 | 30 05 00 0A 20 20 20 20 20 20 00 00 00 FF 00 30
60 | 0A 20 20 20 20 20 20 20 20 20 20 20 00 00 00 FC
70 | 00 41 58 43 20 30 36 35 20 20 20 20 20 20 00 DE
