EDID BYTES:
0x   00 01 02 03 04 05 06 07 08 09 0A 0B 0C 0D 0E 0F
    ------------------------------------------------
00 | 00 FF FF FF FF FF FF 00 52 B3 00 00 01 00 00 00
10 | 1A 16 01 03 0C 26 08 78 EA C3 55 A5 57 4B 99 24
20 | 11 50 54 00 00 00 01 01 01 01 01 01 01 01 01 01
30 | 01 01 01 01 01 01 CA 09 00 40 51 F2 13 00 20 80
40 | 3A 00 74 46 10 00 00 1C 00 00 00 10 00 F2 32 00
50 | 20 80 0A 04 74 46 10 00 00 1C 00 00 00 FD 00 32
60 | 3C 0E 11 03 00 0A 20 20 20 20 20 20 00 00 00 FC
70 | 00 54 55 53 20 4C 31 34 58 58 58 0A 0A 0A 00 18
